1.936464, -1.602703, 17.500000
1.604309, -1.591065, 17.500000
1.266745, -1.578625, 17.500000
0.936444, -1.564773, 17.500000
0.604179, -1.550906, 17.500000
0.266456, -1.534136, 17.500000
-0.065353, -1.518682, 17.500000
-0.402185, -1.502145, 17.500000
-0.736959, -1.484715, 17.500000
-1.068010, -1.466181, 17.500000
-1.404358, -1.448940, 17.500000
-1.737997, -1.429187, 17.500000
-2.070536, -1.410415, 17.500000
-2.404889, -1.390420, 17.500000
-2.740725, -1.370454, 17.500000
-3.070615, -1.349374, 17.500000
-3.404145, -1.326678, 17.500000
-3.738702, -1.304581, 17.500000
-4.117059, -1.278177, 17.500000
-4.150234, -1.275657, 17.500000
-4.184663, -1.273681, 17.500000
-4.214114, -1.270688, 17.500000
-4.239878, -1.268191, 17.500000
-4.265909, -1.266226, 17.500000
-4.301450, -1.264313, 17.500000
-4.341393, -1.262209, 17.500000
-4.380373, -1.258977, 17.500000
-4.417432, -1.256731, 17.500000
-4.447283, -1.253366, 17.500000
-4.478318, -1.250883, 17.500000
-4.508256, -1.248848, 17.500000
-4.538158, -1.246578, 17.500000
-4.567972, -1.245771, 17.500000
-4.605198, -1.242230, 17.500000
-4.644547, -1.239604, 17.500000
-4.682637, -1.235692, 17.500000
-4.715362, -1.232442, 17.500000
-4.741561, -1.231410, 17.500000
-4.770658, -1.229390, 17.500000
-4.803922, -1.227508, 17.500000
-4.846230, -1.224205, 17.500000
-4.886705, -1.220671, 17.500000
-4.918180, -1.217497, 17.500000
-4.941918, -1.215428, 17.500000
-4.964861, -1.214001, 17.500000
-5.000529, -1.210545, 17.500000
-5.042716, -1.209120, 17.500000
-5.087146, -1.204577, 17.500000
-5.124075, -1.201389, 17.500000
-5.151346, -1.198234, 17.500000
-5.176092, -1.196169, 17.500000
-5.205069, -1.193869, 17.500000
-5.238413, -1.191644, 17.500000
-5.274377, -1.189625, 17.500000
-5.310567, -1.185719, 17.500000
-5.349569, -1.182580, 17.500000
-5.386736, -1.178290, 17.500000
-5.418072, -1.175764, 17.500000
-5.444111, -1.173415, 17.500000
-5.473078, -1.171738, 17.500000
-5.507412, -1.168538, 17.500000
-5.548362, -1.165183, 17.500000
-5.587713, -1.160982, 17.500000
-5.620069, -1.156708, 17.500000
-5.646436, -1.155122, 17.500000
-5.671670, -1.152531, 17.500000
-5.706046, -1.150435, 17.500000
-5.749300, -1.146852, 17.500000
-5.793658, -1.142136, 17.500000
-5.827031, -1.139183, 17.500000
-5.852099, -1.135083, 17.500000
-5.877757, -1.133537, 17.500000
-5.908968, -1.130444, 17.500000
-5.946173, -1.126719, 17.500000
-5.983632, -1.124450, 17.500000
-6.017149, -1.120594, 17.500000
-6.049363, -1.116297, 17.500000
-6.079833, -1.113192, 17.500000
-6.111671, -1.110337, 17.500000
-6.143032, -1.107550, 17.500000
-6.177997, -1.103996, 17.500000
-6.216818, -1.101090, 17.500000
-6.254443, -1.096447, 17.500000
-6.292742, -1.091797, 17.500000
-6.322178, -1.087697, 17.500000
-6.345093, -1.085877, 17.500000
-6.368335, -1.083790, 17.500000
-6.405563, -1.079619, 17.500000
-6.450158, -1.076845, 17.500000
-6.486667, -1.071998, 17.500000
-6.524808, -1.065939, 17.500000
-6.556722, -1.062936, 17.500000
-6.580064, -1.060687, 17.500000
-6.604694, -1.058184, 17.500000
-6.639722, -1.054894, 17.500000
-6.685717, -1.050984, 17.500000
-6.728643, -1.044966, 17.500000
-6.764027, -1.039528, 17.500000
-6.785952, -1.037595, 17.500000
-6.808222, -1.035812, 17.500000
-6.842517, -1.032037, 17.500000
-6.886816, -1.027421, 17.500000
-6.933710, -1.021714, 17.500000
-6.967603, -1.017398, 17.500000
-6.988828, -1.013048, 17.500000
-7.009426, -1.011517, 17.500000
-7.039310, -1.007876, 17.500000
-7.076951, -1.004128, 17.500000
-7.114501, -0.999717, 17.500000
-7.155837, -0.995521, 17.500000
-7.193944, -0.989896, 17.500000
-7.228480, -0.983679, 17.500000
-7.257987, -0.981142, 17.500000
-7.282365, -0.977623, 17.500000
-7.308792, -0.974652, 17.500000
-7.342288, -0.970974, 17.500000
-7.387855, -0.965941, 17.500000
-7.430859, -0.959434, 17.500000
-7.464982, -0.953200, 17.500000
-7.489439, -0.950897, 17.500000
-7.516371, -0.946918, 17.500000
-7.548564, -0.943682, 17.500000
-7.590504, -0.938074, 17.500000
-7.632706, -0.932656, 17.500000
-7.663421, -0.928032, 17.500000
-7.688272, -0.923227, 17.500000
-7.711498, -0.921013, 17.500000
-7.743723, -0.916349, 17.500000
-7.783160, -0.911892, 17.500000
-7.824642, -0.905880, 17.500000
-7.862882, -0.899969, 17.500000
-7.894447, -0.895429, 17.500000
-7.923205, -0.890000, 17.500000
-7.953542, -0.887498, 17.500000
-7.984786, -0.882425, 17.500000
-8.017343, -0.878039, 17.500000
-8.051423, -0.873524, 17.500000
-8.088573, -0.868149, 17.500000
-8.125524, -0.862002, 17.500000
-8.158272, -0.857348, 17.500000
-8.188221, -0.852980, 17.500000
-8.217172, -0.849220, 17.500000
-8.245936, -0.844492, 17.500000
-8.275430, -0.841210, 17.500000
-8.305697, -0.837475, 17.500000
-8.348161, -0.831655, 17.500000
-8.394262, -0.825285, 17.500000
-8.437701, -0.817469, 17.500000
-8.471300, -0.812826, 17.500000
-8.491653, -0.807563, 17.500000
-8.510584, -0.804507, 17.500000
-8.537427, -0.800462, 17.500000
-8.576594, -0.796512, 17.500000
-8.615650, -0.790338, 17.500000
-8.647948, -0.785083, 17.500000
-8.673116, -0.782826, 17.500000
-8.695502, -0.780257, 17.500000
-8.720637, -0.777721, 17.500000
-8.747809, -0.775545, 17.500000
-8.775098, -0.774349, 17.500000
-8.795645, -0.772410, 17.500000
-8.810237, -0.772097, 17.500000
-8.823322, -0.772728, 17.500000
-8.836828, -0.773086, 17.500000
-8.852921, -0.774634, 17.500000
-8.867613, -0.776600, 17.500000
-8.881458, -0.778661, 17.500000
-8.904898, -0.783730, 17.500000
-8.923665, -0.790477, 17.500000
-8.941652, -0.798339, 17.500000
-8.959809, -0.808110, 17.500000
-8.976827, -0.819995, 17.500000
-8.992702, -0.833143, 17.500000
-9.008708, -0.848531, 17.500000
-9.024614, -0.867583, 17.500000
-9.036495, -0.884499, 17.500000
-9.049025, -0.885713, 17.500000
-9.055961, -0.903577, 17.500000
-9.055800, -0.933941, 17.500000
-9.066089, -0.948864, 17.500000
-9.062632, -0.993976, 17.500000
-9.065720, -1.022347, 17.500000
-9.063759, -1.048405, 17.500000
-9.061490, -1.070351, 17.500000
-9.058982, -1.086067, 17.500000
-9.055599, -1.101307, 17.500000
-9.051582, -1.114771, 17.500000
-9.044017, -1.134660, 17.500000
-9.036083, -1.147560, 17.500000
-9.027979, -1.162478, 17.500000
-9.019834, -1.176508, 17.500000
-9.010217, -1.190495, 17.500000
-9.001850, -1.202577, 17.500000
-8.991054, -1.216152, 17.500000
-8.978909, -1.227776, 17.500000
-8.968790, -1.237188, 17.500000
-8.957604, -1.246912, 17.500000
-8.945921, -1.255643, 17.500000
-8.933872, -1.263808, 17.500000
-8.915374, -1.274502, 17.500000
-8.903001, -1.281039, 17.500000
-8.886222, -1.287409, 17.500000
-8.860152, -1.297755, 17.500000
-8.831164, -1.307138, 17.500000
-8.808339, -1.315226, 17.500000
-8.789486, -1.323041, 17.500000
-8.770101, -1.328629, 17.500000
-8.741980, -1.337460, 17.500000
-8.706834, -1.346869, 17.500000
-8.668890, -1.358528, 17.500000
-8.634727, -1.368112, 17.500000
-8.600056, -1.379224, 17.500000
-8.568492, -1.389857, 17.500000
-8.541275, -1.398246, 17.500000
-8.514735, -1.405399, 17.500000
-8.488386, -1.413822, 17.500000
-8.454217, -1.423349, 17.500000
-8.415172, -1.433615, 17.500000
-8.376386, -1.446409, 17.500000
-8.343076, -1.455390, 17.500000
-8.316436, -1.464341, 17.500000
-8.290974, -1.472604, 17.500000
-8.263757, -1.479242, 17.500000
-8.235171, -1.487537, 17.500000
-8.203448, -1.495372, 17.500000
-8.171796, -1.504958, 17.500000
-8.135545, -1.514757, 17.500000
-8.102706, -1.524891, 17.500000
-8.070330, -1.534674, 17.500000
-8.044642, -1.540357, 17.500000
-8.015608, -1.548453, 17.500000
-7.982281, -1.555956, 17.500000
-7.941409, -1.567736, 17.500000
-7.903000, -1.578558, 17.500000
-7.874461, -1.586304, 17.500000
-7.856757, -1.592129, 17.500000
-7.838598, -1.595754, 17.500000
-7.805324, -1.604712, 17.500000
-7.762204, -1.614137, 17.500000
-7.717229, -1.627002, 17.500000
-7.680371, -1.637376, 17.500000
-7.654789, -1.644072, 17.500000
-7.630739, -1.651336, 17.500000
-7.604065, -1.656599, 17.500000
-7.570905, -1.665242, 17.500000
-7.537320, -1.672658, 17.500000
-7.504140, -1.681952, 17.500000
-7.471890, -1.689814, 17.500000
-7.440843, -1.698851, 17.500000
-7.409212, -1.706460, 17.500000
-7.377899, -1.713143, 17.500000
-7.346251, -1.721457, 17.500000
-7.311396, -1.728963, 17.500000
-7.273930, -1.738921, 17.500000
-7.240113, -1.748558, 17.500000
-7.210105, -1.755827, 17.500000
-7.186461, -1.761619, 17.500000
-7.161568, -1.767955, 17.500000
-7.128972, -1.775077, 17.500000
-7.089432, -1.783726, 17.500000
-7.049965, -1.794057, 17.500000
-7.016839, -1.802870, 17.500000
-6.989331, -1.809138, 17.500000
-6.966977, -1.814396, 17.500000
-6.935836, -1.821707, 17.500000
-6.896907, -1.830274, 17.500000
-6.860626, -1.839466, 17.500000
-6.827894, -1.846925, 17.500000
-6.801617, -1.853202, 17.500000
-6.774550, -1.860159, 17.500000
-6.743741, -1.867206, 17.500000
-6.705373, -1.874697, 17.500000
-6.669856, -1.882234, 17.500000
-6.642168, -1.889188, 17.500000
-6.606919, -1.897886, 17.500000
-6.576860, -1.904430, 17.500000
-6.547383, -1.910875, 17.500000
-6.518868, -1.916705, 17.500000
-6.486263, -1.923285, 17.500000
-6.448063, -1.931913, 17.500000
-6.414048, -1.940049, 17.500000
-6.380156, -1.947654, 17.500000
-6.351752, -1.953881, 17.500000
-6.325529, -1.959343, 17.500000
-6.292154, -1.966308, 17.500000
-6.257931, -1.973833, 17.500000
-6.225368, -1.981179, 17.500000
-6.190821, -1.988402, 17.500000
-6.158720, -1.994974, 17.500000
-6.126964, -2.001786, 17.500000
-6.098337, -2.008134, 17.500000
-6.064708, -2.015088, 17.500000
-6.032908, -2.021478, 17.500000
-5.998775, -2.028630, 17.500000
-5.964801, -2.035642, 17.500000
-5.930166, -2.042889, 17.500000
-5.895205, -2.050704, 17.500000
-5.870490, -2.056242, 17.500000
-5.842323, -2.062414, 17.500000
-5.809005, -2.068719, 17.500000
-5.775229, -2.075274, 17.500000
-5.739844, -2.082915, 17.500000
-5.706791, -2.089923, 17.500000
-5.670186, -2.097411, 17.500000
-5.641742, -2.103702, 17.500000
-5.614234, -2.109734, 17.500000
-5.578501, -2.116198, 17.500000
-5.546726, -2.122296, 17.500000
-5.513057, -2.129308, 17.500000
-5.484295, -2.134840, 17.500000
-5.449241, -2.142037, 17.500000
-5.416160, -2.148836, 17.500000
-5.379311, -2.156379, 17.500000
-5.348168, -2.162124, 17.500000
-5.322471, -2.167385, 17.500000
-5.288518, -2.174441, 17.500000
-5.254293, -2.181032, 17.500000
-5.227652, -2.186367, 17.500000
-5.194058, -2.192558, 17.500000
-5.160084, -2.199402, 17.500000
-5.131315, -2.204059, 17.500000
-5.094212, -2.211216, 17.500000
-5.064242, -2.216448, 17.500000
-5.028667, -2.223312, 17.500000
-5.001550, -2.228476, 17.500000
-4.967509, -2.235229, 17.500000
-4.939483, -2.240298, 17.500000
-4.900243, -2.246786, 17.500000
-4.868052, -2.252723, 17.500000
-4.834817, -2.258815, 17.500000
-4.803528, -2.264744, 17.500000
-4.765979, -2.271578, 17.500000
-4.737527, -2.276654, 17.500000
-4.711005, -2.281915, 17.500000
-4.675212, -2.287873, 17.500000
-4.643637, -2.293351, 17.500000
-4.610225, -2.299300, 17.500000
-4.576333, -2.305117, 17.500000
-4.545695, -2.310563, 17.500000
-4.517664, -2.315662, 17.500000
-4.482585, -2.321695, 17.500000
-4.451871, -2.326417, 17.500000
-4.417536, -2.331948, 17.500000
-4.383524, -2.337968, 17.500000
-4.349783, -2.343546, 17.500000
-4.317630, -2.348953, 17.500000
-4.286068, -2.354676, 17.500000
-4.252906, -2.360302, 17.500000
-4.219310, -2.365535, 17.500000
-4.185922, -2.371284, 17.500000
-4.153468, -2.376659, 17.500000
-4.122416, -2.381867, 17.500000
-4.091248, -2.387145, 17.500000
-4.059937, -2.392231, 17.500000
-4.020442, -2.398700, 17.500000
-3.988066, -2.403598, 17.500000
-3.637049, -2.457425, 17.500000
-3.318072, -2.504018, 17.500000
-2.987444, -2.547769, 17.500000
-2.661856, -2.588739, 17.500000
-2.340010, -2.624437, 17.500000
-2.008889, -2.658282, 17.500000
-1.684692, -2.687127, 17.500000
-1.356793, -2.713947, 17.500000
-1.026848, -2.737927, 17.500000
-0.702448, -2.758262, 17.500000
-0.375303, -2.775940, 17.500000
-0.040776, -2.791355, 17.500000
0.286397, -2.804810, 17.500000
0.616199, -2.814696, 17.500000
0.943220, -2.823104, 17.500000
1.273122, -2.828234, 17.500000
1.601848, -2.830201, 17.500000
1.928628, -2.830219, 17.500000
2.259182, -2.825293, 17.500000
2.583567, -2.816517, 17.500000
2.911976, -2.804597, 17.500000
3.244461, -2.787637, 17.500000
3.571676, -2.771833, 17.500000
3.896747, -2.750451, 17.500000
4.228049, -2.725651, 17.500000
4.556003, -2.698501, 17.500000
4.882763, -2.669542, 17.500000
5.212881, -2.639131, 17.500000
5.541002, -2.605970, 17.500000
5.870372, -2.570571, 17.500000
6.202566, -2.533227, 17.500000
6.531286, -2.496825, 17.500000
6.861269, -2.458595, 17.500000
7.192119, -2.419887, 17.500000
7.517200, -2.380149, 17.500000
7.889135, -2.334931, 17.500000
7.924840, -2.330034, 17.500000
7.960412, -2.324725, 17.500000
7.995464, -2.321570, 17.500000
8.023784, -2.317948, 17.500000
8.046054, -2.315703, 17.500000
8.069901, -2.312026, 17.500000
8.101284, -2.307020, 17.500000
8.137789, -2.302200, 17.500000
8.175188, -2.296420, 17.500000
8.211938, -2.292186, 17.500000
8.245582, -2.287687, 17.500000
8.277856, -2.283041, 17.500000
8.308257, -2.279921, 17.500000
8.335983, -2.275770, 17.500000
8.365746, -2.271580, 17.500000
8.402227, -2.266436, 17.500000
8.444270, -2.260076, 17.500000
8.484922, -2.255566, 17.500000
8.520614, -2.251515, 17.500000
8.546828, -2.248590, 17.500000
8.571240, -2.245485, 17.500000
8.597555, -2.241268, 17.500000
8.627533, -2.237085, 17.500000
8.660531, -2.232117, 17.500000
8.697472, -2.226706, 17.500000
8.741002, -2.220136, 17.500000
8.779901, -2.215523, 17.500000
8.814191, -2.212449, 17.500000
8.836219, -2.208980, 17.500000
8.858414, -2.205035, 17.500000
8.886755, -2.200527, 17.500000
8.921099, -2.195358, 17.500000
8.957868, -2.189445, 17.500000
8.990440, -2.184573, 17.500000
9.021900, -2.179664, 17.500000
9.051306, -2.174220, 17.500000
9.087390, -2.168455, 17.500000
9.130210, -2.162580, 17.500000
9.170967, -2.157888, 17.500000
9.203640, -2.154129, 17.500000
9.229348, -2.149825, 17.500000
9.256223, -2.145478, 17.500000
9.289634, -2.141506, 17.500000
9.328108, -2.135241, 17.500000
9.366379, -2.130449, 17.500000
9.401181, -2.125475, 17.500000
9.427078, -2.122415, 17.500000
9.452980, -2.118297, 17.500000
9.483407, -2.113210, 17.500000
9.523366, -2.107733, 17.500000
9.559969, -2.102822, 17.500000
9.595079, -2.098231, 17.500000
9.625523, -2.093681, 17.500000
9.654661, -2.089723, 17.500000
9.682262, -2.084733, 17.500000
9.712570, -2.080392, 17.500000
9.743947, -2.075429, 17.500000
9.779339, -2.070203, 17.500000
9.820269, -2.062972, 17.500000
9.860058, -2.056796, 17.500000
9.893799, -2.052626, 17.500000
9.920885, -2.049555, 17.500000
9.945743, -2.045720, 17.500000
9.976800, -2.040839, 17.500000
10.011093, -2.035246, 17.500000
10.046379, -2.029221, 17.500000
10.081102, -2.023987, 17.500000
10.114117, -2.019339, 17.500000
10.145762, -2.015132, 17.500000
10.180811, -2.009420, 17.500000
10.214797, -2.004214, 17.500000
10.248954, -1.998745, 17.500000
10.281651, -1.993846, 17.500000
10.313308, -1.989912, 17.500000
10.343447, -1.985989, 17.500000
10.374588, -1.981351, 17.500000
10.405847, -1.975701, 17.500000
10.434515, -1.971367, 17.500000
10.466779, -1.965574, 17.500000
10.499981, -1.959974, 17.500000
10.531839, -1.953923, 17.500000
10.566636, -1.948499, 17.500000
10.605229, -1.942685, 17.500000
10.637139, -1.936896, 17.500000
10.671729, -1.932536, 17.500000
10.705051, -1.927817, 17.500000
10.737420, -1.921437, 17.500000
10.767711, -1.915825, 17.500000
10.798527, -1.911084, 17.500000
10.825817, -1.907201, 17.500000
10.855043, -1.901714, 17.500000
10.889228, -1.895298, 17.500000
10.928377, -1.888807, 17.500000
10.965683, -1.883077, 17.500000
10.997494, -1.877626, 17.500000
11.020560, -1.873828, 17.500000
11.046368, -1.869168, 17.500000
11.084630, -1.862319, 17.500000
11.132214, -1.853401, 17.500000
11.180540, -1.846381, 17.500000
11.211851, -1.841865, 17.500000
11.227534, -1.840943, 17.500000
11.243522, -1.839537, 17.500000
11.274077, -1.833703, 17.500000
11.319741, -1.823209, 17.500000
11.364735, -1.816663, 17.500000
11.404145, -1.811544, 17.500000
11.430123, -1.806978, 17.500000
11.451760, -1.802645, 17.500000
11.482299, -1.797598, 17.500000
11.516950, -1.792052, 17.500000
11.554793, -1.784973, 17.500000
11.587754, -1.779181, 17.500000
11.618208, -1.775336, 17.500000
11.646988, -1.771489, 17.500000
11.678648, -1.766090, 17.500000
11.713173, -1.758691, 17.500000
11.748044, -1.752431, 17.500000
11.785445, -1.746102, 17.500000
11.821668, -1.740792, 17.500000
11.858423, -1.736435, 17.500000
11.894109, -1.730508, 17.500000
11.924912, -1.725812, 17.500000
11.953195, -1.721634, 17.500000
11.984992, -1.717328, 17.500000
12.016081, -1.711740, 17.500000
12.050497, -1.705949, 17.500000
12.080834, -1.701185, 17.500000
12.111286, -1.696372, 17.500000
12.143258, -1.691431, 17.500000
12.177627, -1.685649, 17.500000
12.212876, -1.679281, 17.500000
12.251292, -1.673804, 17.500000
12.285666, -1.668974, 17.500000
12.321261, -1.663001, 17.500000
12.352796, -1.657710, 17.500000
12.384709, -1.653145, 17.500000
12.411383, -1.649783, 17.500000
12.439296, -1.645005, 17.500000
12.473631, -1.639415, 17.500000
12.510965, -1.633248, 17.500000
12.549832, -1.627038, 17.500000
12.579878, -1.623145, 17.500000
12.604312, -1.619037, 17.500000
12.626512, -1.614056, 17.500000
12.652750, -1.609115, 17.500000
12.682255, -1.603624, 17.500000
12.711443, -1.597318, 17.500000
12.736924, -1.590901, 17.500000
12.761022, -1.585760, 17.500000
12.780933, -1.579945, 17.500000
12.797834, -1.574651, 17.500000
12.812186, -1.570660, 17.500000
12.824220, -1.565276, 17.500000
12.837165, -1.560259, 17.500000
12.849112, -1.555031, 17.500000
12.860413, -1.548643, 17.500000
12.878568, -1.538168, 17.500000
12.890106, -1.529374, 17.500000
12.903317, -1.517105, 17.500000
12.918362, -1.496799, 17.500000
12.930272, -1.479190, 17.500000
12.940554, -1.460085, 17.500000
12.945938, -1.448099, 17.500000
12.950418, -1.433782, 17.500000
12.955966, -1.420764, 17.500000
12.960967, -1.407236, 17.500000
12.964074, -1.394592, 17.500000
12.969175, -1.373484, 17.500000
12.970024, -1.355991, 17.500000
12.970707, -1.340529, 17.500000
12.969526, -1.316810, 17.500000
12.968501, -1.304302, 17.500000
12.963635, -1.283777, 17.500000
12.959515, -1.264467, 17.500000
12.949667, -1.245097, 17.500000
12.943603, -1.233230, 17.500000
12.932629, -1.216625, 17.500000
12.920251, -1.200848, 17.500000
12.908420, -1.185920, 17.500000
12.898255, -1.174609, 17.500000
12.886939, -1.164703, 17.500000
12.865461, -1.148645, 17.500000
12.845117, -1.132608, 17.500000
12.833635, -1.124402, 17.500000
12.821063, -1.118424, 17.500000
12.803582, -1.113345, 17.500000
12.787005, -1.109272, 17.500000
12.770454, -1.107069, 17.500000
12.739750, -1.105091, 17.500000
12.713434, -1.102234, 17.500000
12.697034, -1.102219, 17.500000
12.682646, -1.102399, 17.500000
12.662609, -1.104350, 17.500000
12.634293, -1.107814, 17.500000
12.604816, -1.111199, 17.500000
12.571027, -1.115504, 17.500000
12.539560, -1.119031, 17.500000
12.507000, -1.122540, 17.500000
12.478348, -1.125958, 17.500000
12.449461, -1.130724, 17.500000
12.421625, -1.135768, 17.500000
12.390305, -1.140178, 17.500000
12.353312, -1.144926, 17.500000
12.318646, -1.149582, 17.500000
12.289738, -1.153966, 17.500000
12.257240, -1.159099, 17.500000
12.232097, -1.163784, 17.500000
12.195786, -1.169861, 17.500000
12.160982, -1.174506, 17.500000
12.129065, -1.178903, 17.500000
12.089885, -1.184963, 17.500000
12.051631, -1.190692, 17.500000
12.010140, -1.197046, 17.500000
11.982242, -1.200282, 17.500000
11.960847, -1.202281, 17.500000
11.940366, -1.205667, 17.500000
11.901760, -1.212237, 17.500000
11.866088, -1.217870, 17.500000
11.813219, -1.225500, 17.500000
11.781990, -1.230184, 17.500000
11.753569, -1.232216, 17.500000
11.730881, -1.235571, 17.500000
11.698264, -1.240126, 17.500000
11.662285, -1.245806, 17.500000
11.622566, -1.251103, 17.500000
11.589028, -1.255661, 17.500000
11.552105, -1.260389, 17.500000
11.519920, -1.262759, 17.500000
11.490579, -1.267399, 17.500000
11.453334, -1.273205, 17.500000
11.419584, -1.277902, 17.500000
11.385130, -1.282200, 17.500000
11.355499, -1.285639, 17.500000
11.317453, -1.290195, 17.500000
11.282066, -1.293975, 17.500000
11.251797, -1.297813, 17.500000
11.215495, -1.302531, 17.500000
11.183460, -1.306271, 17.500000
11.152458, -1.309499, 17.500000
11.117840, -1.313008, 17.500000
11.091556, -1.316408, 17.500000
11.067501, -1.319957, 17.500000
11.044037, -1.324433, 17.500000
11.001243, -1.331345, 17.500000
10.960459, -1.336218, 17.500000
10.909554, -1.341598, 17.500000
10.882398, -1.344200, 17.500000
10.853531, -1.347529, 17.500000
10.826239, -1.351110, 17.500000
10.790982, -1.355528, 17.500000
10.747823, -1.360091, 17.500000
10.699295, -1.364177, 17.500000
10.669772, -1.366640, 17.500000
10.649836, -1.368232, 17.500000
10.630032, -1.370313, 17.500000
10.597166, -1.374676, 17.500000
10.554764, -1.380369, 17.500000
10.512720, -1.384750, 17.500000
10.468716, -1.388252, 17.500000
10.442705, -1.390295, 17.500000
10.412294, -1.392996, 17.500000
10.389021, -1.395597, 17.500000
10.355745, -1.399261, 17.500000
10.323655, -1.403004, 17.500000
10.280272, -1.407486, 17.500000
10.250790, -1.410292, 17.500000
10.211837, -1.414216, 17.500000
10.179639, -1.417158, 17.500000
10.148563, -1.420194, 17.500000
10.111707, -1.423842, 17.500000
10.076337, -1.427012, 17.500000
10.047044, -1.429626, 17.500000
10.008507, -1.432941, 17.500000
9.981289, -1.435067, 17.500000
9.947162, -1.437977, 17.500000
9.916881, -1.440755, 17.500000
9.878777, -1.444607, 17.500000
9.845214, -1.447597, 17.500000
9.808589, -1.450522, 17.500000
9.772453, -1.453249, 17.500000
9.739818, -1.455337, 17.500000
9.710420, -1.457731, 17.500000
9.680575, -1.460354, 17.500000
9.652447, -1.463000, 17.500000
9.609274, -1.466918, 17.500000
9.577845, -1.469235, 17.500000
9.543031, -1.472059, 17.500000
9.515895, -1.474225, 17.500000
9.481701, -1.476995, 17.500000
9.446750, -1.480566, 17.500000
9.415277, -1.483418, 17.500000
9.370679, -1.487175, 17.500000
9.340377, -1.489203, 17.500000
9.304416, -1.491551, 17.500000
9.271755, -1.493503, 17.500000
9.247391, -1.495516, 17.500000
9.213641, -1.498434, 17.500000
9.176085, -1.501746, 17.500000
9.145412, -1.504061, 17.500000
9.102148, -1.506939, 17.500000
9.072181, -1.508957, 17.500000
9.038406, -1.511152, 17.500000
9.017252, -1.512779, 17.500000
8.985786, -1.515568, 17.500000
8.955523, -1.518069, 17.500000
8.906689, -1.522377, 17.500000
8.860915, -1.524756, 17.500000
8.827426, -1.526427, 17.500000
8.807979, -1.527495, 17.500000
8.779769, -1.529876, 17.500000
8.750180, -1.532518, 17.500000
8.712268, -1.535524, 17.500000
8.673458, -1.538086, 17.500000
8.638763, -1.540359, 17.500000
8.601383, -1.542870, 17.500000
8.575863, -1.544638, 17.500000
8.541243, -1.546833, 17.500000
8.502475, -1.549515, 17.500000
8.472792, -1.551453, 17.500000
8.432323, -1.553751, 17.500000
8.403654, -1.555378, 17.500000
8.374148, -1.557156, 17.500000
8.341697, -1.559452, 17.500000
8.306732, -1.562293, 17.500000
8.271407, -1.565249, 17.500000
8.236731, -1.567567, 17.500000
8.203854, -1.568905, 17.500000
8.164468, -1.570581, 17.500000
8.131643, -1.572245, 17.500000
8.101322, -1.573874, 17.500000
8.077141, -1.575674, 17.500000
8.048342, -1.577307, 17.500000
8.014537, -1.579850, 17.500000
7.979313, -1.581996, 17.500000
7.934283, -1.584151, 17.500000
7.642001, -1.600257, 17.500000
7.306380, -1.616590, 17.500000
6.978860, -1.628893, 17.500000
6.638576, -1.642248, 17.500000
6.300315, -1.649976, 17.500000
5.960205, -1.657150, 17.500000
5.632584, -1.661084, 17.500000
5.291818, -1.663399, 17.500000
4.953272, -1.662898, 17.500000
4.613921, -1.661086, 17.500000
4.284647, -1.658267, 17.500000
3.948657, -1.652942, 17.500000
3.610886, -1.647713, 17.500000
3.278319, -1.640482, 17.500000
2.944172, -1.633343, 17.500000
2.605226, -1.624096, 17.500000
2.271609, -1.614447, 17.500000
