3.074917, -2.686677, 27.000000
2.735963, -2.667039, 27.000000
2.401105, -2.646169, 27.000000
2.068004, -2.625856, 27.000000
1.735667, -2.603792, 27.000000
1.397549, -2.576465, 27.000000
1.066295, -2.550874, 27.000000
0.723999, -2.522889, 27.000000
0.389572, -2.489511, 27.000000
0.054416, -2.455648, 27.000000
-0.276337, -2.420825, 27.000000
-0.605985, -2.384244, 27.000000
-0.942825, -2.347296, 27.000000
-1.273405, -2.310282, 27.000000
-1.609041, -2.271790, 27.000000
-1.939859, -2.231428, 27.000000
-2.270977, -2.191498, 27.000000
-2.605931, -2.145424, 27.000000
-2.978517, -2.098244, 27.000000
-3.015743, -2.092503, 27.000000
-3.047220, -2.088204, 27.000000
-3.074459, -2.084074, 27.000000
-3.095673, -2.080194, 27.000000
-3.117591, -2.077969, 27.000000
-3.151138, -2.073685, 27.000000
-3.195861, -2.069183, 27.000000
-3.240377, -2.062712, 27.000000
-3.274892, -2.056843, 27.000000
-3.305211, -2.052992, 27.000000
-3.331748, -2.048393, 27.000000
-3.364365, -2.044603, 27.000000
-3.398338, -2.040218, 27.000000
-3.433718, -2.035187, 27.000000
-3.468237, -2.030957, 27.000000
-3.500089, -2.025835, 27.000000
-3.532732, -2.020642, 27.000000
-3.565425, -2.016000, 27.000000
-3.599332, -2.011814, 27.000000
-3.633496, -2.007731, 27.000000
-3.667122, -2.003113, 27.000000
-3.699085, -1.997264, 27.000000
-3.729503, -1.993646, 27.000000
-3.759442, -1.988439, 27.000000
-3.789782, -1.984843, 27.000000
-3.822139, -1.980949, 27.000000
-3.857543, -1.975685, 27.000000
-3.905368, -1.969180, 27.000000
-3.946915, -1.961676, 27.000000
-3.976349, -1.957299, 27.000000
-3.995067, -1.953581, 27.000000
-4.013900, -1.950763, 27.000000
-4.045265, -1.947347, 27.000000
-4.092276, -1.941878, 27.000000
-4.139372, -1.934332, 27.000000
-4.177234, -1.928143, 27.000000
-4.201377, -1.923667, 27.000000
-4.226836, -1.919925, 27.000000
-4.256129, -1.915382, 27.000000
-4.289550, -1.910953, 27.000000
-4.326675, -1.906590, 27.000000
-4.361538, -1.901276, 27.000000
-4.397719, -1.894776, 27.000000
-4.430942, -1.890093, 27.000000
-4.458632, -1.885031, 27.000000
-4.486438, -1.881066, 27.000000
-4.514017, -1.877198, 27.000000
-4.550832, -1.871886, 27.000000
-4.595956, -1.866022, 27.000000
-4.637818, -1.857756, 27.000000
-4.671087, -1.853662, 27.000000
-4.693732, -1.849005, 27.000000
-4.716178, -1.845480, 27.000000
-4.747249, -1.841145, 27.000000
-4.789324, -1.835760, 27.000000
-4.830890, -1.828963, 27.000000
-4.866748, -1.821623, 27.000000
-4.895086, -1.817999, 27.000000
-4.920677, -1.813348, 27.000000
-4.954618, -1.807618, 27.000000
-4.989703, -1.803226, 27.000000
-5.028515, -1.796316, 27.000000
-5.064891, -1.790221, 27.000000
-5.095507, -1.784886, 27.000000
-5.125522, -1.778410, 27.000000
-5.153817, -1.775325, 27.000000
-5.189505, -1.769295, 27.000000
-5.223454, -1.764171, 27.000000
-5.254855, -1.758754, 27.000000
-5.288880, -1.752849, 27.000000
-5.320593, -1.747029, 27.000000
-5.356245, -1.739872, 27.000000
-5.379784, -1.737851, 27.000000
-5.410526, -1.732168, 27.000000
-5.450809, -1.725486, 27.000000
-5.490309, -1.719106, 27.000000
-5.525943, -1.712325, 27.000000
-5.557735, -1.706581, 27.000000
-5.588963, -1.700820, 27.000000
-5.620949, -1.696487, 27.000000
-5.656187, -1.689200, 27.000000
-5.691853, -1.684684, 27.000000
-5.722124, -1.678211, 27.000000
-5.750819, -1.671901, 27.000000
-5.780331, -1.667288, 27.000000
-5.811335, -1.660837, 27.000000
-5.848494, -1.655795, 27.000000
-5.886636, -1.648536, 27.000000
-5.924541, -1.642396, 27.000000
-5.960796, -1.634922, 27.000000
-5.993505, -1.627961, 27.000000
-6.023442, -1.622861, 27.000000
-6.048055, -1.617898, 27.000000
-6.075538, -1.613322, 27.000000
-6.109753, -1.607771, 27.000000
-6.152277, -1.600079, 27.000000
-6.193471, -1.591008, 27.000000
-6.228404, -1.584238, 27.000000
-6.251748, -1.579714, 27.000000
-6.275476, -1.574692, 27.000000
-6.309115, -1.569746, 27.000000
-6.352986, -1.561563, 27.000000
-6.396062, -1.553569, 27.000000
-6.427971, -1.546798, 27.000000
-6.448966, -1.541160, 27.000000
-6.470462, -1.538134, 27.000000
-6.501613, -1.530961, 27.000000
-6.543334, -1.524825, 27.000000
-6.586901, -1.515848, 27.000000
-6.623623, -1.509017, 27.000000
-6.651678, -1.502375, 27.000000
-6.681273, -1.496167, 27.000000
-6.709596, -1.491257, 27.000000
-6.742126, -1.484399, 27.000000
-6.774361, -1.479387, 27.000000
-6.807309, -1.472702, 27.000000
-6.841811, -1.465332, 27.000000
-6.874881, -1.458224, 27.000000
-6.909163, -1.450989, 27.000000
-6.942963, -1.445249, 27.000000
-6.976578, -1.438866, 27.000000
-7.007176, -1.432987, 27.000000
-7.037776, -1.426319, 27.000000
-7.069153, -1.420132, 27.000000
-7.102354, -1.413017, 27.000000
-7.138167, -1.406968, 27.000000
-7.173635, -1.400032, 27.000000
-7.206322, -1.393294, 27.000000
-7.236464, -1.387049, 27.000000
-7.267290, -1.381019, 27.000000
-7.301367, -1.374848, 27.000000
-7.338251, -1.366816, 27.000000
-7.376436, -1.357431, 27.000000
-7.410793, -1.349986, 27.000000
-7.443966, -1.343570, 27.000000
-7.474067, -1.337636, 27.000000
-7.503152, -1.330744, 27.000000
-7.528785, -1.325344, 27.000000
-7.553536, -1.320491, 27.000000
-7.575964, -1.316725, 27.000000
-7.596998, -1.313698, 27.000000
-7.616525, -1.312870, 27.000000
-7.637360, -1.310101, 27.000000
-7.657907, -1.308021, 27.000000
-7.677063, -1.306411, 27.000000
-7.692162, -1.306976, 27.000000
-7.711394, -1.307550, 27.000000
-7.731524, -1.311126, 27.000000
-7.752562, -1.316296, 27.000000
-7.772022, -1.322961, 27.000000
-7.787920, -1.330132, 27.000000
-7.804168, -1.341233, 27.000000
-7.816362, -1.347721, 27.000000
-7.826778, -1.356378, 27.000000
-7.836391, -1.364637, 27.000000
-7.852370, -1.378568, 27.000000
-7.863919, -1.389498, 27.000000
-7.883727, -1.406036, 27.000000
-7.890181, -1.426545, 27.000000
-7.896717, -1.439550, 27.000000
-7.897534, -1.476751, 27.000000
-7.902874, -1.504540, 27.000000
-7.903881, -1.517417, 27.000000
-7.903657, -1.536291, 27.000000
-7.901670, -1.558478, 27.000000
-7.897568, -1.579158, 27.000000
-7.892493, -1.593521, 27.000000
-7.887987, -1.607361, 27.000000
-7.879929, -1.623728, 27.000000
-7.865781, -1.645234, 27.000000
-7.858346, -1.656187, 27.000000
-7.849539, -1.665120, 27.000000
-7.833403, -1.680991, 27.000000
-7.819489, -1.694882, 27.000000
-7.809471, -1.702827, 27.000000
-7.797016, -1.712091, 27.000000
-7.783069, -1.721588, 27.000000
-7.768538, -1.731776, 27.000000
-7.752850, -1.739967, 27.000000
-7.736931, -1.748461, 27.000000
-7.723701, -1.754036, 27.000000
-7.699853, -1.765080, 27.000000
-7.679707, -1.772976, 27.000000
-7.651737, -1.783018, 27.000000
-7.620758, -1.794729, 27.000000
-7.592973, -1.803190, 27.000000
-7.564517, -1.813248, 27.000000
-7.537806, -1.822205, 27.000000
-7.508565, -1.832389, 27.000000
-7.478291, -1.840933, 27.000000
-7.447412, -1.851284, 27.000000
-7.411955, -1.863635, 27.000000
-7.375975, -1.873631, 27.000000
-7.342837, -1.885110, 27.000000
-7.312446, -1.894272, 27.000000
-7.286301, -1.903436, 27.000000
-7.259919, -1.910516, 27.000000
-7.229436, -1.920110, 27.000000
-7.190773, -1.932941, 27.000000
-7.153736, -1.943976, 27.000000
-7.123570, -1.953976, 27.000000
-7.101805, -1.961859, 27.000000
-7.078928, -1.968741, 27.000000
-7.046192, -1.977309, 27.000000
-7.006711, -1.989393, 27.000000
-6.966155, -2.002331, 27.000000
-6.933166, -2.012312, 27.000000
-6.906412, -2.021376, 27.000000
-6.882010, -2.029182, 27.000000
-6.850570, -2.039249, 27.000000
-6.814893, -2.048749, 27.000000
-6.781027, -2.059559, 27.000000
-6.744206, -2.071526, 27.000000
-6.713067, -2.080847, 27.000000
-6.684416, -2.089606, 27.000000
-6.655508, -2.099897, 27.000000
-6.629804, -2.106539, 27.000000
-6.599423, -2.115416, 27.000000
-6.564806, -2.125674, 27.000000
-6.528590, -2.136247, 27.000000
-6.489660, -2.149072, 27.000000
-6.459257, -2.159170, 27.000000
-6.431515, -2.167009, 27.000000
-6.405876, -2.174914, 27.000000
-6.374226, -2.184703, 27.000000
-6.340434, -2.194155, 27.000000
-6.305122, -2.204330, 27.000000
-6.272210, -2.214510, 27.000000
-6.244973, -2.223513, 27.000000
-6.217950, -2.232266, 27.000000
-6.189727, -2.240370, 27.000000
-6.154461, -2.249679, 27.000000
-6.118180, -2.260642, 27.000000
-6.084285, -2.270952, 27.000000
-6.049831, -2.281073, 27.000000
-6.016000, -2.290444, 27.000000
-5.987558, -2.299058, 27.000000
-5.964927, -2.306927, 27.000000
-5.937645, -2.314954, 27.000000
-5.906052, -2.323527, 27.000000
-5.866252, -2.334460, 27.000000
-5.826732, -2.346265, 27.000000
-5.791946, -2.356792, 27.000000
-5.767634, -2.364612, 27.000000
-5.745559, -2.370919, 27.000000
-5.714954, -2.379324, 27.000000
-5.678089, -2.389338, 27.000000
-5.645138, -2.398024, 27.000000
-5.611411, -2.408535, 27.000000
-5.580912, -2.417175, 27.000000
-5.550052, -2.426255, 27.000000
-5.519021, -2.434876, 27.000000
-5.485927, -2.443744, 27.000000
-5.455373, -2.452066, 27.000000
-5.422998, -2.461469, 27.000000
-5.388635, -2.470925, 27.000000
-5.360563, -2.478990, 27.000000
-5.330231, -2.487177, 27.000000
-5.293736, -2.497356, 27.000000
-5.264856, -2.505078, 27.000000
-5.232881, -2.513891, 27.000000
-5.197844, -2.523712, 27.000000
-5.166140, -2.532110, 27.000000
-5.138348, -2.539883, 27.000000
-5.107630, -2.548074, 27.000000
-5.074758, -2.556861, 27.000000
-5.042253, -2.565307, 27.000000
-5.007674, -2.574757, 27.000000
-4.974635, -2.583502, 27.000000
-4.946674, -2.591084, 27.000000
-4.914986, -2.599458, 27.000000
-4.882781, -2.607708, 27.000000
-4.850671, -2.616536, 27.000000
-4.819961, -2.624302, 27.000000
-4.789572, -2.631872, 27.000000
-4.758624, -2.640012, 27.000000
-4.725881, -2.648127, 27.000000
-4.691594, -2.657101, 27.000000
-4.663932, -2.664340, 27.000000
-4.629691, -2.673222, 27.000000
-4.594747, -2.682457, 27.000000
-4.562297, -2.690344, 27.000000
-4.530229, -2.698159, 27.000000
-4.498335, -2.706379, 27.000000
-4.472818, -2.713008, 27.000000
-4.439029, -2.721385, 27.000000
-4.410871, -2.728352, 27.000000
-4.375207, -2.736941, 27.000000
-4.340122, -2.745736, 27.000000
-4.313170, -2.752026, 27.000000
-4.279899, -2.760254, 27.000000
-4.246414, -2.767991, 27.000000
-4.217426, -2.775193, 27.000000
-4.186108, -2.782593, 27.000000
-4.148378, -2.792000, 27.000000
-4.120167, -2.798571, 27.000000
-4.087700, -2.805800, 27.000000
-4.059696, -2.811637, 27.000000
-4.028338, -2.818984, 27.000000
-3.993805, -2.826785, 27.000000
-3.959898, -2.834914, 27.000000
-3.929277, -2.842142, 27.000000
-3.895062, -2.849549, 27.000000
-3.867641, -2.855272, 27.000000
-3.838339, -2.861731, 27.000000
-3.806669, -2.869034, 27.000000
-3.774078, -2.876598, 27.000000
-3.743001, -2.883100, 27.000000
-3.713638, -2.889244, 27.000000
-3.683570, -2.895404, 27.000000
-3.648895, -2.902481, 27.000000
-3.609401, -2.910542, 27.000000
-3.572140, -2.918684, 27.000000
-3.539777, -2.926333, 27.000000
-3.511088, -2.932398, 27.000000
-3.483205, -2.939118, 27.000000
-3.450898, -2.945366, 27.000000
-3.414800, -2.952494, 27.000000
-3.386036, -2.958380, 27.000000
-3.349569, -2.966052, 27.000000
-3.323829, -2.971625, 27.000000
-3.291166, -2.977646, 27.000000
-3.258870, -2.984264, 27.000000
-3.228418, -2.990855, 27.000000
-3.195928, -2.997073, 27.000000
-3.162758, -3.003707, 27.000000
-3.128165, -3.010867, 27.000000
-3.092342, -3.018073, 27.000000
-3.060230, -3.024432, 27.000000
-3.035951, -3.029456, 27.000000
-3.003947, -3.035135, 27.000000
-2.970344, -3.041486, 27.000000
-2.935792, -3.047977, 27.000000
-2.901735, -3.054715, 27.000000
-2.811628, -3.072494, 27.000000
-2.483579, -3.132436, 27.000000
-2.156670, -3.190735, 27.000000
-1.835692, -3.243940, 27.000000
-1.513777, -3.296106, 27.000000
-1.180142, -3.346937, 27.000000
-0.856048, -3.393505, 27.000000
-0.534671, -3.436699, 27.000000
-0.200815, -3.479295, 27.000000
0.124740, -3.518222, 27.000000
0.446049, -3.554376, 27.000000
0.777147, -3.589041, 27.000000
1.104021, -3.619840, 27.000000
1.433482, -3.648066, 27.000000
1.759490, -3.673019, 27.000000
2.090993, -3.695986, 27.000000
2.419907, -3.714787, 27.000000
2.742502, -3.730016, 27.000000
3.065461, -3.740081, 27.000000
3.395584, -3.747127, 27.000000
3.717984, -3.748309, 27.000000
4.046987, -3.743900, 27.000000
4.370348, -3.735051, 27.000000
4.700683, -3.722929, 27.000000
5.032161, -3.707803, 27.000000
5.362102, -3.690646, 27.000000
5.692597, -3.671765, 27.000000
6.024068, -3.651776, 27.000000
6.351835, -3.630675, 27.000000
6.686749, -3.607847, 27.000000
7.017244, -3.586575, 27.000000
7.353205, -3.562657, 27.000000
7.684879, -3.539500, 27.000000
8.014013, -3.516022, 27.000000
8.339727, -3.489967, 27.000000
8.670399, -3.461267, 27.000000
9.015587, -3.428736, 27.000000
9.050449, -3.425471, 27.000000
9.083231, -3.422990, 27.000000
9.113940, -3.420381, 27.000000
9.142672, -3.417370, 27.000000
9.171266, -3.414604, 27.000000
9.205886, -3.410782, 27.000000
9.243140, -3.407086, 27.000000
9.280993, -3.403532, 27.000000
9.313131, -3.400946, 27.000000
9.342364, -3.398122, 27.000000
9.371582, -3.394724, 27.000000
9.404690, -3.391512, 27.000000
9.442078, -3.387892, 27.000000
9.479213, -3.385121, 27.000000
9.511718, -3.381747, 27.000000
9.540575, -3.378990, 27.000000
9.567849, -3.376587, 27.000000
9.601588, -3.372302, 27.000000
9.637601, -3.368580, 27.000000
9.674382, -3.364711, 27.000000
9.706363, -3.362108, 27.000000
9.738195, -3.358839, 27.000000
9.770750, -3.355544, 27.000000
9.800436, -3.352175, 27.000000
9.829386, -3.349154, 27.000000
9.861196, -3.345101, 27.000000
9.893901, -3.342093, 27.000000
9.931138, -3.337141, 27.000000
9.968218, -3.333547, 27.000000
10.001534, -3.329535, 27.000000
10.032244, -3.326518, 27.000000
10.062054, -3.322881, 27.000000
10.094614, -3.319081, 27.000000
10.133435, -3.315018, 27.000000
10.170535, -3.311349, 27.000000
10.204498, -3.308452, 27.000000
10.232591, -3.305344, 27.000000
10.260044, -3.302524, 27.000000
10.292698, -3.298370, 27.000000
10.328939, -3.294230, 27.000000
10.365177, -3.290088, 27.000000
10.397832, -3.286646, 27.000000
10.426143, -3.283701, 27.000000
10.453833, -3.280330, 27.000000
10.485597, -3.276836, 27.000000
10.520912, -3.271857, 27.000000
10.555979, -3.267443, 27.000000
10.592596, -3.263195, 27.000000
10.626312, -3.259433, 27.000000
10.660255, -3.256084, 27.000000
10.691198, -3.252491, 27.000000
10.721424, -3.248667, 27.000000
10.753814, -3.244009, 27.000000
10.785861, -3.240766, 27.000000
10.822568, -3.236444, 27.000000
10.858450, -3.232162, 27.000000
10.891027, -3.229187, 27.000000
10.921227, -3.225319, 27.000000
10.951999, -3.221872, 27.000000
10.984720, -3.217794, 27.000000
11.019424, -3.213302, 27.000000
11.054409, -3.209013, 27.000000
11.089164, -3.205418, 27.000000
11.116880, -3.202084, 27.000000
11.150663, -3.198701, 27.000000
11.182685, -3.193999, 27.000000
11.218547, -3.189611, 27.000000
11.254583, -3.185093, 27.000000
11.288004, -3.180867, 27.000000
11.321750, -3.177918, 27.000000
11.351431, -3.173925, 27.000000
11.380934, -3.170606, 27.000000
11.410870, -3.167226, 27.000000
11.441128, -3.162483, 27.000000
11.477104, -3.157708, 27.000000
11.517054, -3.153234, 27.000000
11.557786, -3.148699, 27.000000
11.588463, -3.146157, 27.000000
11.612717, -3.142932, 27.000000
11.635736, -3.140048, 27.000000
11.669777, -3.134899, 27.000000
11.713312, -3.128933, 27.000000
11.746008, -3.125334, 27.000000
11.782549, -3.122129, 27.000000
11.816969, -3.118029, 27.000000
11.842710, -3.114112, 27.000000
11.869183, -3.110398, 27.000000
11.903420, -3.105537, 27.000000
11.945068, -3.100090, 27.000000
11.982074, -3.096141, 27.000000
12.016416, -3.092288, 27.000000
12.038485, -3.089604, 27.000000
12.059925, -3.087492, 27.000000
12.092040, -3.081731, 27.000000
12.135222, -3.074884, 27.000000
12.179284, -3.069362, 27.000000
12.215774, -3.065509, 27.000000
12.246329, -3.062054, 27.000000
12.274584, -3.058423, 27.000000
12.303980, -3.055393, 27.000000
12.337306, -3.050555, 27.000000
12.371212, -3.044950, 27.000000
12.403323, -3.041558, 27.000000
12.438042, -3.037567, 27.000000
12.469003, -3.033236, 27.000000
12.500640, -3.029277, 27.000000
12.527256, -3.025776, 27.000000
12.555996, -3.021372, 27.000000
12.591308, -3.016135, 27.000000
12.633428, -3.010018, 27.000000
12.674456, -3.005369, 27.000000
12.705660, -3.001915, 27.000000
12.731292, -2.998151, 27.000000
12.755669, -2.994815, 27.000000
12.788025, -2.989999, 27.000000
12.827035, -2.983735, 27.000000
12.869150, -2.978353, 27.000000
12.903149, -2.974095, 27.000000
12.930344, -2.970737, 27.000000
12.956183, -2.967443, 27.000000
12.985516, -2.962693, 27.000000
13.015351, -2.957953, 27.000000
13.047027, -2.953372, 27.000000
13.083302, -2.946742, 27.000000
13.119410, -2.941530, 27.000000
13.155426, -2.936306, 27.000000
13.186929, -2.931636, 27.000000
13.214150, -2.927677, 27.000000
13.240941, -2.923183, 27.000000
13.274090, -2.918191, 27.000000
13.312073, -2.911289, 27.000000
13.351848, -2.905192, 27.000000
13.385332, -2.900706, 27.000000
13.412584, -2.896328, 27.000000
13.442240, -2.891498, 27.000000
13.473970, -2.885375, 27.000000
13.510637, -2.880400, 27.000000
13.547187, -2.874468, 27.000000
13.578724, -2.869999, 27.000000
13.606850, -2.865631, 27.000000
13.633151, -2.861538, 27.000000
13.667856, -2.855372, 27.000000
13.705501, -2.848755, 27.000000
13.741814, -2.843454, 27.000000
13.773813, -2.838209, 27.000000
13.800550, -2.833732, 27.000000
13.826376, -2.829374, 27.000000
13.857391, -2.824008, 27.000000
13.891967, -2.816818, 27.000000
13.926731, -2.810852, 27.000000
13.948599, -2.806440, 27.000000
13.960928, -2.803707, 27.000000
13.987490, -2.795425, 27.000000
14.009838, -2.788071, 27.000000
14.033272, -2.780104, 27.000000
14.051628, -2.772473, 27.000000
14.064655, -2.767119, 27.000000
14.084700, -2.756788, 27.000000
14.103079, -2.745986, 27.000000
14.114434, -2.737251, 27.000000
14.123371, -2.728246, 27.000000
14.135470, -2.714357, 27.000000
14.146240, -2.699480, 27.000000
14.156354, -2.682430, 27.000000
14.164546, -2.663594, 27.000000
14.167888, -2.643856, 27.000000
14.169481, -2.629117, 27.000000
14.169335, -2.616319, 27.000000
14.168859, -2.593941, 27.000000
14.168076, -2.580707, 27.000000
14.165573, -2.567209, 27.000000
14.163073, -2.554577, 27.000000
14.160370, -2.541320, 27.000000
14.151938, -2.523148, 27.000000
14.144963, -2.509141, 27.000000
14.138937, -2.498075, 27.000000
14.130031, -2.484169, 27.000000
14.117117, -2.466829, 27.000000
14.100907, -2.449113, 27.000000
14.085117, -2.433701, 27.000000
14.065161, -2.419541, 27.000000
14.044425, -2.408399, 27.000000
14.029771, -2.399572, 27.000000
14.010391, -2.392638, 27.000000
13.990223, -2.389506, 27.000000
13.969072, -2.384578, 27.000000
13.956182, -2.382446, 27.000000
13.942974, -2.384048, 27.000000
13.928614, -2.384128, 27.000000
13.905378, -2.384409, 27.000000
13.880733, -2.384954, 27.000000
13.850351, -2.387749, 27.000000
13.817283, -2.390296, 27.000000
13.783297, -2.393581, 27.000000
13.754039, -2.395121, 27.000000
13.732341, -2.396816, 27.000000
13.711050, -2.398908, 27.000000
13.676840, -2.403311, 27.000000
13.637727, -2.408230, 27.000000
13.593486, -2.412287, 27.000000
13.559986, -2.415090, 27.000000
13.533741, -2.418339, 27.000000
13.509040, -2.421204, 27.000000
13.475836, -2.425131, 27.000000
13.442580, -2.428909, 27.000000
13.403986, -2.432622, 27.000000
13.372807, -2.435886, 27.000000
13.337273, -2.440595, 27.000000
13.298751, -2.445229, 27.000000
13.268019, -2.448776, 27.000000
13.241154, -2.450542, 27.000000
13.215394, -2.452903, 27.000000
13.187369, -2.456787, 27.000000
13.147036, -2.462524, 27.000000
13.110765, -2.467213, 27.000000
13.061954, -2.472357, 27.000000
13.017298, -2.475362, 27.000000
12.974220, -2.477702, 27.000000
12.942163, -2.479363, 27.000000
12.920242, -2.480271, 27.000000
12.906571, -2.480893, 27.000000
12.885441, -2.483610, 27.000000
12.862560, -2.486994, 27.000000
12.833463, -2.492852, 27.000000
12.799717, -2.500039, 27.000000
12.757719, -2.503701, 27.000000
12.719672, -2.508493, 27.000000
12.676368, -2.513690, 27.000000
12.648419, -2.517186, 27.000000
12.611626, -2.521373, 27.000000
12.578257, -2.524866, 27.000000
12.544637, -2.528374, 27.000000
12.507983, -2.531111, 27.000000
12.478710, -2.534503, 27.000000
12.446945, -2.538716, 27.000000
12.415686, -2.542730, 27.000000
12.379434, -2.546429, 27.000000
12.343708, -2.550222, 27.000000
12.304471, -2.553426, 27.000000
12.271978, -2.556322, 27.000000
12.247639, -2.559511, 27.000000
12.215006, -2.563159, 27.000000
12.187841, -2.566493, 27.000000
12.143896, -2.571023, 27.000000
12.104068, -2.574369, 27.000000
12.069826, -2.577414, 27.000000
12.039849, -2.580037, 27.000000
12.017003, -2.582621, 27.000000
11.982917, -2.586338, 27.000000
11.944609, -2.590588, 27.000000
11.904915, -2.594578, 27.000000
11.870025, -2.597714, 27.000000
11.841943, -2.600182, 27.000000
11.809569, -2.603287, 27.000000
11.775611, -2.606772, 27.000000
11.737376, -2.610400, 27.000000
11.706493, -2.613225, 27.000000
11.668878, -2.615891, 27.000000
11.640546, -2.618418, 27.000000
11.609619, -2.620960, 27.000000
11.580879, -2.623915, 27.000000
11.545716, -2.627411, 27.000000
11.507468, -2.631119, 27.000000
11.470511, -2.634605, 27.000000
11.433634, -2.637174, 27.000000
11.402367, -2.639524, 27.000000
11.369865, -2.642133, 27.000000
11.338025, -2.644860, 27.000000
11.311370, -2.647501, 27.000000
11.272083, -2.651072, 27.000000
11.241358, -2.653951, 27.000000
11.201429, -2.657098, 27.000000
11.165551, -2.659827, 27.000000
11.130788, -2.662196, 27.000000
11.106323, -2.664067, 27.000000
11.071644, -2.666612, 27.000000
11.036667, -2.669352, 27.000000
11.005251, -2.672291, 27.000000
10.963337, -2.675611, 27.000000
10.928001, -2.677496, 27.000000
10.906043, -2.678905, 27.000000
10.876521, -2.681332, 27.000000
10.841897, -2.684439, 27.000000
10.802812, -2.687609, 27.000000
10.764683, -2.689971, 27.000000
10.722379, -2.692533, 27.000000
10.700366, -2.693677, 27.000000
10.669688, -2.695947, 27.000000
10.642549, -2.697757, 27.000000
10.600100, -2.701217, 27.000000
10.567674, -2.703477, 27.000000
10.528862, -2.706025, 27.000000
10.494617, -2.707810, 27.000000
10.463017, -2.709331, 27.000000
10.430694, -2.711162, 27.000000
10.395384, -2.714104, 27.000000
10.367106, -2.715796, 27.000000
10.336544, -2.718053, 27.000000
10.294549, -2.720620, 27.000000
10.263062, -2.722518, 27.000000
10.226452, -2.724373, 27.000000
10.202472, -2.725921, 27.000000
10.169408, -2.728562, 27.000000
10.133498, -2.730662, 27.000000
10.091234, -2.733001, 27.000000
10.059253, -2.734309, 27.000000
10.019225, -2.736415, 27.000000
9.993669, -2.737488, 27.000000
9.967996, -2.739088, 27.000000
9.939032, -2.741074, 27.000000
9.895554, -2.743759, 27.000000
9.862794, -2.745465, 27.000000
9.822662, -2.747806, 27.000000
9.794767, -2.749040, 27.000000
9.758621, -2.750423, 27.000000
9.730891, -2.751970, 27.000000
9.692799, -2.754127, 27.000000
9.661714, -2.756346, 27.000000
9.628137, -2.758313, 27.000000
9.593254, -2.759702, 27.000000
9.560775, -2.760647, 27.000000
9.522724, -2.762658, 27.000000
9.491025, -2.764188, 27.000000
9.466092, -2.765627, 27.000000
9.426274, -2.767845, 27.000000
9.391336, -2.769550, 27.000000
9.354244, -2.770930, 27.000000
9.320812, -2.772446, 27.000000
9.292171, -2.773517, 27.000000
9.265000, -2.775039, 27.000000
9.226317, -2.777048, 27.000000
9.196982, -2.778498, 27.000000
9.157837, -2.780412, 27.000000
9.119667, -2.781304, 27.000000
8.780944, -2.793780, 27.000000
8.447865, -2.804951, 27.000000
8.109164, -2.813799, 27.000000
7.778079, -2.822596, 27.000000
7.437617, -2.826571, 27.000000
7.103008, -2.830597, 27.000000
6.764953, -2.830499, 27.000000
6.431152, -2.830289, 27.000000
6.089106, -2.825047, 27.000000
5.755828, -2.819147, 27.000000
5.410279, -2.808386, 27.000000
5.078269, -2.794423, 27.000000
4.742045, -2.779677, 27.000000
4.402100, -2.761065, 27.000000
4.067138, -2.743601, 27.000000
3.737425, -2.724489, 27.000000
3.408700, -2.707193, 27.000000
